2621
2665
5690
3608
3550
533
3735
7184
4478
5885
163
7453
10397
2752
7332
11014
37
6500
22919
10097
5230
1495
3915
4953
50
1153
10574
5714
10525
5708
2058
5499
10768
23019
1718
10528
2034
10724
4074
191
23022
6867
7913
3281
2746
8079
5479
5160
16
10628
6184
10606
1843
2804
10398
8761
1537
6651
3838
11335
1434
3693
3188
5355
1965
7078
8531
5111
6625
7832
10423
6856
633
6897
5686
2224
5621
307
4698
10541
5683
2012
908
23365
9341
6342
10730
8452
27101
4077
10181
3295
9791
9184
4141
1736
5547
4792
2926
7334
9296
5684
2273
10765
2195
10212
6421
3654
8243
11188
9989
400
2181
10051
9231
8872
1182
10797
6626
9813
165
26509
51097
3066
23429
5327
9208
2908
3597
1163
55186
4299
8502
1362
10576
10095
9969
1389
4700
7082
10314
6400
1514
706
7965
10920
158
10381
6880
5108
9766
645
27258
1019
10443
51706
648
8883
23219
7979
3028
4522
1277
9453
3685
629
865
54741
573
7398
10897
5605
5532
2065
11098
5902
9768
6629
2947
51573
8204
2776
5440
7844
403
7873
8799
8813
2331
3485
25804
2200
901
54838
4026
6921
2517
3251
10775
54541
6428
2956
4729
2274
1429
9529
56951
3920
4814
51363
7058
9052
604
4646
22828
6990
10559
8440
1289
7358
6430
348
3280
5685
4236
963
51439
8614
10106
6337
8662
7162
23480
6653
80208
819
9232
10974
25972
4726
10512
6636
10954
9411
4283
10529
771
2167
5813
6424
3176
6834
6001
4501
2946
5480
3627
9284
3422
7033
8405
7020
4053
3376
4602
7357
2013
7031
3336
7360
9636
1300
7168
311
8483
3428
4250
3276
4496
1452
445
1009
7037
831
4179
10130
6396
9612
4582
9584
55353
1175
81552
9188
6709
2317
7430
23499
142
7415
23741
2617
7086
595
4723
1831
5717
6950
900
5693
6731
6431
3148
1312
51747
483
546
8886
3964
7048
8678
23071
4704
1397
6938
26234
57035
9061
358
8490
10539
182
26959
7353
8648
5863
5860
8773
8660
6713
4695
8473
4781
4724
1634
6478
861
3507
11030
2625
64087
26135
54453
6387
2203
79068
22827
3418
3486
3692
10265
3135
26268
22996
10362
10241
5445
1201
427
5162
1329
5725
7337
6309
83955
645745
5269
1462
26018
55905
7320
7852
114908
7837
10618
8565
84726
57509
857
5087
11328
115207
3572
114932
94239
3423
9444
55970
6541
10213
7027
51029
4628
6925
9686
55251
26092
221154
9522
253782
9987
8801
966
23030
64112
23171
23032
7572
4134
84159
11059
987
162427
151011
4833
6934
10472
23076
1487
7779
167227
833
80097
10096
653784
91
161291
6009
54587
25803
92689
91316
22930
10916
27332
1350
131578
4069
6303
399491
4779
7503
9802
8991
2734
118
9637
2098
52
2935
23564
9919
1528
91353
28902
23369
56005
3068
563
728661
4494
2023
3137
2778
22818
11031
23585
51280
23788
51398
80762
51466
58190
64759
4705
51719
55831
51474
23588
51571
51056
10273
56888
116496
8649
2287
10455
29088
51024
54502
114883
23412
56674
9978
58477
55830
56944
28985
57111
26517
54187
55788
4708
59342
9240
80230
57496
58486
56898
55450
51809
54539
5202
55365
79174
54832
10884
56943
79622
7227
79666
64784
51650
56034
80279
10451
79754
8289
55930
56521
54829
79086
57758
51643
54968
55686
84196
58516
28959
51497
27068
54878
81873
51742
81853
665
7259
83716
54469
60626
1290
7145
79646
51131
25994
5128
4869
79137
347902
54681
55379
23677
23625
9905
4681
9902
2580
5252
92579
79903
90864
6772
