894
7057
22906
3339
10449
6566
7320
1719
8731
7378
477
4311
22905
26
26140
10643
3176
8318
6794
51512
8061
2247
2919
9760
3631
22873
8438
3897
1308
9493
1299
1844
10331
3364
10733
6664
4982
5350
4507
10518
9982
6699
7518
4998
8577
5742
1183
6712
23464
1951
10840
1690
9796
4088
9755
7786
1602
27240
2707
27165
79734
5152
11069
54039
4685
3695
8448
3699
22849
2252
55346
6571
2346
3977
5166
1393
22832
443
58495
6693
26191
2042
7349
8786
7694
1811
4081
4223
2297
6375
8988
4056
3902
4948
5371
66002
6863
1482
9121
867
8200
3357
608
10622
5163
7504
2066
2151
9940
4524
917
155
1101
9723
8817
5544
29903
8854
8792
6536
9498
26330
8785
1021
1746
1735
10472
2842
10085
9420
7691
4477
58530
5646
54861
2206
2491
10230
29909
257
11262
4150
11126
27004
3568
3903
6790
5670
3806
3810
10863
57116
5241
5105
3957
8968
26255
8864
3992
8202
2824
8767
125
1501
3679
54468
6285
7112
10391
835
54674
6663
3082
2057
9568
6183
9576
6489
5321
419
4653
1136
820
6833
27232
1438
5026
6502
3824
8435
11025
8718
10157
200315
7216
3910
373
2651
3551
8626
9355
2099
655
9031
3813
57292
5141
3696
652
775
100287927
84789
5143
923
204
4684
116372
23397
4781
57212
25928
25992
23544
23616
5125
2819
3887
26033
11213
28738
1302
10612
221981
4818
3693
924
4588
60481
25924
51083
84179
7542
92973
2702
2825
1589
797
10207
5380
26027
201626
23081
6709
3752
6648
2098
83714
3073
324
116829
23233
10142
1838
587
113177
10489
126070
23117
971
23389
23228
11169
28797
3535
28823
23428
26102
55578
57336
10220
7373
3500
7767
995
140885
3837
1760
5787
160313
23460
65982
220134
9810
23413
55612
10644
79759
114819
57823
51411
79605
79094
78990
65250
53335
55714
844
54821
78997
79832
79805
55314
10734
57332
11254
79800
140578
55592
55026
23743
55096
27123
28231
64208
79745
50615
57110
79733
53829
51561
79018
54988
56172
8139
54959
667
55259
9457
57731
79689
55975
55296
79785
51281
54857
55727
4117
51744
79940
55103
54508
79842
7042
79883
79230
11081
60598
25788
80039
80164
29951
80705
56938
58483
79160
8470
22806
56676
81930
1493
10025
4159
4747
80305
84900
57502
138162
196483
55839
221078
8528
10016
100126791
201895
375449
26137
4626
54629
91860
57707
388969
11057
