5573
7453
5245
23450
6500
4926
6427
813
10960
5048
3920
2950
5351
9611
55905
473
6749
10606
5214
2804
5701
7057
1434
5425
1363
5226
9867
7078
8553
10054
262
5641
6513
5704
7296
231
11047
327
7153
55233
10969
2012
908
6631
10181
1809
7072
9520
9184
1736
5955
1075
10105
7874
3912
7334
5412
56681
4172
56255
4681
51780
3339
2181
10051
4860
1786
5713
7283
2037
9929
120
9813
1717
3930
5571
9779
79888
9604
51097
23429
994
23300
5552
6059
6241
7319
10217
8502
4175
10769
214
23077
4678
4651
6251
1389
2131
23013
6768
6422
6611
9202
224
3836
10133
22906
5899
3476
4171
66008
25937
4061
10659
1387
9337
7716
5590
9961
8985
8522
6732
10123
10902
143
23564
2633
5159
10274
22862
6890
6720
613
1445
7374
7320
5718
6695
84747
4820
9665
10204
5118
11044
11052
10982
7127
9474
3659
8874
25949
6840
7298
8204
9874
55837
10513
5440
7128
5699
5604
8566
7375
558
6632
11051
7372
5430
95
2634
23428
23518
8625
901
3155
27338
22908
8192
3689
10617
10614
9648
5106
2184
22918
8697
1520
7466
6279
7525
713
11065
23303
2192
3632
10535
8260
10401
857
22796
9693
3800
5156
9674
5819
11215
11103
9650
353
7088
6302
5050
6310
10641
79096
6416
2162
9823
8624
5493
9743
8614
64601
10788
10651
4016
8634
8603
9724
6817
56902
51704
9332
2230
8722
10206
6387
5577
596
4350
6239
8324
10127
3708
9933
2067
3149
6925
1519
9936
51747
22864
6594
4137
6182
4318
9371
9111
2530
5074
9836
5984
11130
4129
9338
9583
8884
5025
902
22795
2791
962
11259
55556
1164
1120
4335
2643
4005
4316
5698
5507
977
6183
6286
7188
25913
341
2581
8321
1909
10040
771
5480
11138
10610
55856
54677
9891
10573
1462
3169
9482
7049
2237
7060
66036
4832
10468
5002
4600
4013
549
4124
7444
6038
5930
2737
3730
9997
8864
3625
5203
8309
1675
26137
3014
10950
10557
80736
7177
1311
638
7286
3790
7884
6627
7644
3159
10625
23061
22977
51230
30008
5143
3223
4782
1466
3189
25875
22878
23499
9736
10195
23524
4616
23047
10370
118
8527
114876
51599
10111
1500
8073
7430
9601
7267
23741
5036
5591
54499
10284
1453
284119
4176
6731
1107
2805
1312
5127
54107
8428
1452
831
5162
4758
8405
5531
3964
22929
8678
23185
3428
57019
57658
65018
10492
10957
10938
9987
8490
80781
7336
8648
10103
123
9100
8611
54870
79143
8660
2353
7852
8543
10979
10436
10061
23438
2186
1410
3400
11321
10767
7355
11168
3551
2874
7508
9470
4200
10418
10553
57819
23291
18
953
25901
54861
10248
11030
23598
5435
1384
6873
8767
26190
9655
7041
8881
1070
11068
10560
7043
1632
55526
2191
6576
4116
2534
1635
158
4646
983
5921
8289
11257
28639
10142
5191
4690
367
27332
1022
8662
2260
4179
7337
64963
3597
4680
58495
1639
9112
220988
53635
10618
5595
9289
90861
26123
25777
23107
23126
11260
57498
7422
25957
23389
9581
23198
57017
4131
5295
7277
667
55568
26058
9444
23063
27346
23048
91754
22998
25940
23028
2618
23091
89910
1997
219654
9778
253782
26128
200734
23522
1289
23030
22982
80308
285527
10486
23258
23295
114882
10000
80205
440026
3842
54505
23338
25976
23177
4763
26472
140890
23210
23336
6935
7090
84162
57037
83700
1955
8760
6655
23405
124565
29
23517
23270
9847
23078
23158
323
22934
23452
23189
9527
4781
513
253959
5576
90993
79882
57493
23234
1287
29015
4238
25903
23067
23247
23361
10424
57613
157680
10963
1028
112479
124152
222161
1992
4494
3831
4141
65258
728498
26156
3643
5912
51491
6421
3693
2066
987
5108
9236
8725
57326
7703
27122
30
4839
8833
5898
5387
7586
10781
891
388677
54432
8801
55660
5228
30968
56271
2747
5688
3913
100423062
1277
166
11180
51155
79811
64755
51133
53373
28977
55245
55914
10055
23469
58478
29105
54927
51292
55718
64834
79137
51203
28998
10328
55082
51647
11124
56654
3267
55608
55858
51071
55148
65993
54884
55177
54815
55696
51185
55893
79581
64847
79139
56995
51447
79624
60314
712
51118
23560
51111
63901
64777
79665
51642
55316
27342
65982
11108
27244
51053
55204
79641
25959
54585
51397
56942
55325
79887
582
79709
56912
50650
55759
51306
152006
54463
55109
55781
64761
51115
55268
29995
79600
10161
27440
55847
54872
10186
8322
23753
55144
64285
55638
51309
29107
54778
53407
29911
51205
10451
55227
10848
27242
64798
51728
79682
79763
64418
64924
79269
57124
55164
54433
54845
79170
56947
51192
65003
64236
55833
51182
54961
80310
79652
51001
10365
51816
55841
29922
93664
757
79818
56935
26502
51340
4054
51022
84914
51478
63933
80127
51078
51287
55764
79939
78996
112398
81855
81603
81035
81034
79961
1154
81562
83468
6648
9334
81611
84065
6468
83483
79365
1978
3275
3778
4329
29100
28971
79135
23603
57148
8266
4121
221037
55603
2004
387263
57698
9367
84148
90806
5911
100129361
55793
93129
57535
55152
4173
29127
64743
65084
3669
203069
6448
6405
6015
8859
8623
375449
4059
23038
9620
219699
54985
54512
79874
6772
