4597
7111
5266
2175
755
23046
3931
6770
993
229
55800
10232
5871
4771
2173
27239
5167
3757
119
7850
51678
653
6364
51442
55056
671
366
5080
3899
9369
8685
3101
2005
10874
8715
3827
8292
6665
9355
2709
2840
8581
11184
5319
3559
7136
1608
8710
2558
22808
6541
1137
2208
8092
28513
3595
10001
6564
30848
4857
4115
8326
9863
8814
1448
2921
9942
64211
7368
3024
923
333
6317
3868
10411
22861
8707
932
4109
9362
29851
3159
2529
27077
27180
11283
2780
5467
8793
4902
8828
3697
259197
8817
10733
84786
10663
3576
491
9568
7216
8514
2533
3752
2047
10209
6625
58487
23148
221692
961
8549
5074
10740
10614
23185
2915
23321
199731
2813
222255
6597
6279
586
4308
1521
2676
8970
3755
6641
1183
23109
23114
8123
146691
25854
81569
6374
10631
25893
140883
1281
116828
2016
643314
5156
926
699
22798
6251
667
56926
23092
124152
28823
139081
26085
26707
862
4589
50852
23390
157697
3046
23580
54801
56649
10324
57348
64221
51458
29767
5101
79148
59272
79825
23630
79852
80380
11182
54768
29881
1412
64180
29967
64800
79725
64799
54798
51314
53347
26279
51302
9464
7761
80258
202181
2001
9496
79843
79931
80339
11173
80020
29119
55338
51311
81789
51378
59336
80133
53637
26692
51176
5317
2018
